===ОТЧЁТ===
[Параметры батча]
  Количество опционов                  : 108
  Сид генерации                        : 2458240204

[Параметры симуляции Монте-Карло]
  Количество итераций на опцион        : 100000
  Потоков процессора                   : 16

[Агрегированные результаты ошибок]
  Максимальная абсолютная разница      : 0.39415
  Средняя абсолютная разница           : 0.05800
  Средняя относительная ошибка         : 0.71356%

[Результаты 108 опционов]
ID  start_cost  strike      rate        volatility  period      MC Cost     BS Cost     Rel Error   
--------------------------------------------------------------
0   97.00433    86.94594    0.09357     0.24083     2.86505     33.55600    33.59806    0.12519     
1   66.00241    91.20050    0.09851     0.22826     2.30905     6.56143     6.58187     0.31063     
2   132.64005   55.04815    0.09968     0.44691     2.51682     90.61437    91.00852    0.43309     
3   59.59953    70.39990    0.01025     0.33930     0.48931     2.23826     2.25526     0.75377     
4   56.27231    64.96162    0.04880     0.41724     0.81076     6.09151     6.09229     0.01280     
5   65.67603    126.87959   0.07445     0.11003     2.67777     0.02494     0.02542     1.87170     
6   84.20206    94.38664    0.05448     0.35966     2.90297     21.59399    21.69187    0.45120     
7   76.27243    148.08783   0.09244     0.35412     1.21161     1.35922     1.37132     0.88260     
8   132.55284   73.80962    0.03130     0.48411     1.05424     63.29276    63.56346    0.42588     
9   109.08739   114.74091   0.06449     0.30162     1.82963     20.82371    20.84523    0.10322     
10  71.50990    92.69626    0.01370     0.48632     1.38304     10.06561    10.10337    0.37375     
11  53.66557    113.10559   0.05322     0.30245     1.93597     0.82152     0.84460     2.73313     
12  94.79506    108.15948   0.03524     0.26960     2.95946     16.31114    16.33134    0.12369     
13  106.25431   97.12957    0.09008     0.24569     2.38304     31.89698    31.98608    0.27856     
14  58.20739    121.77283   0.02066     0.20485     0.57550     46.26059    46.25665    0.00853     
15  127.60457   104.22775   0.06791     0.28753     2.65726     0.22471     0.23764     5.44030     
16  88.35461    139.44974   0.02473     0.35452     0.41302     44.37844    44.43193    0.12039     
17  122.91087   95.36609    0.05238     0.32476     2.25229     12.57765    12.56463    0.10360     
18  132.45700   142.73012   0.07319     0.27881     0.82954     6.34371     6.32102     0.35885     
19  102.12945   113.28343   0.03043     0.11091     2.65661     40.81044    40.92304    0.27515     
20  111.70139   73.32369    0.02933     0.20149     1.14623     0.00095     0.00095     0.05285     
21  53.08495    122.25713   0.05987     0.49418     0.22109     2.07622     2.10983     1.59298     
22  64.21873    113.31355   0.09927     0.35002     1.28490     1.08534     1.09154     0.56798     
23  77.57818    86.37086    0.09993     0.18140     0.31635     1.23713     1.23577     0.11040     
24  106.23656   132.74236   0.02113     0.15306     1.24304     43.12371    43.16137    0.08727     
25  94.35109    51.39318    0.01041     0.29864     0.37829     38.67892    38.77732    0.25376     
26  121.01465   96.64415    0.07964     0.41246     1.12034     42.39015    42.24504    0.34349     
27  131.75632   141.93205   0.07848     0.45091     2.46333     0.11213     0.11530     2.74833     
28  59.47327    129.53305   0.03273     0.38566     0.74440     54.72432    54.70079    0.04302     
29  130.89264   90.74155    0.08292     0.14111     2.10345     13.30498    13.23245    0.54815     
30  91.40083    125.27492   0.04273     0.31341     2.96411     1.00037     0.99864     0.17315     
31  59.23922    82.50952    0.01283     0.14688     2.88889     16.31234    16.36620    0.32906     
32  132.22548   129.64212   0.08191     0.41443     0.36769     1.36398     1.36603     0.15043     
33  85.15242    144.16385   0.09768     0.13481     2.76887     36.09854    36.09964    0.00305     
34  124.77724   127.22044   0.01773     0.47499     2.30471     79.39329    79.50912    0.14568     
35  134.56512   56.93677    0.08335     0.36209     0.40293     52.48170    52.50169    0.03807     
36  142.07379   94.78769    0.06006     0.34452     0.75934     32.52037    32.46930    0.15730     
37  107.38907   104.23883   0.07707     0.39545     2.07749     46.51604    46.54498    0.06217     
38  100.21420   59.97008    0.08558     0.14407     1.29700     67.51620    67.44005    0.11291     
39  122.45316   72.53922    0.09616     0.39079     2.40978     0.29683     0.28749     3.25095     
40  50.09145    127.44099   0.04555     0.28097     2.25042     12.43843    12.44621    0.06243     
41  100.24787   93.87041    0.04601     0.15929     0.94450     62.76877    62.69292    0.12098     
42  108.76877   51.94023    0.07632     0.12760     1.56986     1.77503     1.75937     0.89012     
43  93.99203    100.38110   0.04417     0.15209     0.38666     30.44583    30.44665    0.00269     
44  79.57323    55.53215    0.09321     0.40293     0.97147     1.74714     1.73407     0.75378     
45  66.45589    135.65707   0.04155     0.35297     1.79677     10.56267    10.56111    0.01477     
46  58.43534    54.01009    0.07051     0.14140     1.51100     0.02553     0.02709     5.75651     
47  61.65458    98.60941    0.09733     0.26364     0.42557     34.40799    34.41673    0.02539     
48  141.60930   120.40868   0.03096     0.33160     1.24197     0.17782     0.16024     10.96634    
49  52.52396    148.92493   0.06598     0.40379     1.14773     0.00660     0.00705     6.36213     
50  102.09695   135.30809   0.06780     0.11525     0.56124     1.14626     1.15896     1.09611     
51  77.10489    109.92044   0.05397     0.12933     2.42247     82.21310    82.22570    0.01533     
52  139.16058   62.73808    0.03878     0.13500     2.50313     20.33373    20.35535    0.10625     
53  89.87515    93.39256    0.06760     0.33837     1.95054     1.39899     1.40141     0.17233     
54  123.91229   139.80447   0.04788     0.24089     0.23174     20.59006    20.46421    0.61493     
55  86.21452    91.21519    0.08598     0.45827     1.38041     16.96634    16.90565    0.35895     
56  71.43646    75.31336    0.05170     0.34150     2.38470     6.84204     6.84432     0.03320     
57  104.23772   141.16211   0.07347     0.22121     1.98294     8.25495     8.23892     0.19457     
58  56.29852    145.32074   0.07369     0.36973     0.35414     1.25733     1.24091     1.32299     
59  61.68150    62.35855    0.03980     0.17147     2.07863     46.72620    46.46304    0.56640     
60  61.56262    82.51660    0.04624     0.48864     0.27323     65.08575    64.72556    0.55650     
61  149.99725   143.16782   0.08489     0.32221     2.43893     30.22838    30.17628    0.17267     
62  115.03319   55.56820    0.04594     0.32539     1.95389     59.11560    58.93944    0.29889     
63  126.75254   113.92157   0.02615     0.43544     1.07973     2.40027     2.32279     3.33565     
64  125.85396   81.12341    0.05784     0.27386     2.84644     41.50192    41.27853    0.54116     
65  66.44708    111.96115   0.03364     0.38794     1.21395     32.31791    32.21980    0.30453     
66  132.41568   147.65518   0.08523     0.38214     2.94680     41.98600    41.87619    0.26223     
67  138.35439   119.70451   0.02862     0.32890     1.26402     6.02928     5.98837     0.68308     
68  113.36792   80.83682    0.04601     0.22400     2.26508     1.36871     1.36653     0.15953     
69  77.44678    94.29488    0.09683     0.32344     0.88200     89.50458    89.30788    0.22025     
70  63.87627    117.87189   0.02805     0.10628     0.58438     0.62329     0.65138     4.31195     
71  106.07611   115.69094   0.05952     0.10341     0.59607     11.02118    11.02317    0.01810     
72  145.50620   69.22540    0.05884     0.40933     2.77619     51.79579    51.67044    0.24259     
73  64.44228    120.75226   0.01374     0.22923     2.48822     54.87911    54.87664    0.00450     
74  76.04949    67.58774    0.01073     0.21813     0.74630     78.45509    78.47764    0.02874     
75  122.41177   87.52970    0.01898     0.44598     2.49538     83.22657    83.05459    0.20707     
76  145.66287   94.40707    0.03659     0.21861     1.02342     4.40242     4.42846     0.58787     
77  148.06311   70.52258    0.03025     0.14305     0.44219     37.19495    37.45408    0.69186     
78  148.58592   66.88530    0.02908     0.37574     0.68251     2.72982     2.71440     0.56786     
79  91.49670    125.16322   0.02999     0.19018     2.78198     22.46987    22.50449    0.15386     
80  143.05719   124.29044   0.01891     0.49252     0.98643     38.43748    38.56326    0.32615     
81  59.26108    124.41764   0.07444     0.31411     2.58578     28.60155    28.60771    0.02154     
82  79.68336    68.84737    0.09995     0.15963     1.78805     49.95594    50.08163    0.25098     
83  127.91891   114.00063   0.07528     0.20057     2.77167     47.75930    47.96418    0.42716     
84  125.63032   111.50226   0.01104     0.34491     1.49346     19.73495    19.69038    0.22634     
85  101.80708   58.55569    0.04796     0.44182     1.57317     41.13000    41.14497    0.03639     
86  139.54918   116.03486   0.08605     0.39837     1.61946     0.50602     0.51296     1.35125     
87  91.27356    75.83852    0.05744     0.33232     0.52619     45.11111    45.08608    0.05551     
88  145.37881   110.26720   0.04794     0.32471     0.72898     23.38246    23.38179    0.00288     
89  83.07710    119.69833   0.06435     0.20786     0.91547     18.27584    18.18662    0.49060     
90  94.63095    53.39229    0.05186     0.32778     1.27471     6.39074     6.38666     0.06383     
91  112.69887   108.63976   0.03970     0.35596     1.40289     36.09410    36.08897    0.01423     
92  55.47824    126.05313   0.06467     0.18235     0.36802     2.29305     2.29258     0.02015     
93  99.48605    108.81300   0.03637     0.41558     1.44713     0.01314     0.01306     0.65517     
94  71.15799    119.66641   0.02384     0.36728     2.56274     3.08407     3.09010     0.19495     
95  124.51448   92.71942    0.03285     0.25835     0.99526     25.06354    25.05409    0.03771     
96  53.57277    92.92786    0.02812     0.37888     1.54538     7.90944     7.89934     0.12784     
97  53.23510    84.03790    0.08103     0.23145     0.46722     45.17104    45.11615    0.12167     
98  75.17014    135.72946   0.05756     0.48624     0.97520     20.86444    20.83749    0.12929     
99  76.97973    72.63549    0.08196     0.28189     2.93953     14.48158    14.36209    0.83198     
100 65.48162    73.50155    0.09208     0.29380     1.14618     20.23864    20.12680    0.55566     
101 145.41721   101.43685   0.02024     0.39822     0.30256     8.82804     8.86677     0.43685     
102 65.24481    57.13421    0.05649     0.42579     1.76462     32.91396    33.00636    0.27994     
103 71.40028    107.85721   0.06420     0.45247     2.58235     40.25080    40.33845    0.21728     
104 127.56749   119.35938   0.05287     0.33606     0.65226     11.52953    11.63540    0.90987     
105 82.89055    128.90002   0.03620     0.37061     2.34708     47.53204    47.62247    0.18988     
106 113.13139   86.32826    0.06716     0.34088     0.74679     25.41264    25.49371    0.31798     
107 147.31522   135.77063   0.06416     0.41647     1.46044     88.09413    88.12038    0.02978     
=============================================
